           1           1   200.000000    
           1           2   200.000000    
           1           3   200.000000    
           1           4   200.000000    
           1           5   200.000000    
           1           6   200.000000    
           1           7   200.000000    
           1           8   200.000000    
           1           9   200.000000    
           1          10   200.000000    
           1          11   200.000000    
           1          12   200.000000    
           1          13   200.000000    
           1          14   200.000000    
           1          15   200.000000    
           1          16   200.000000    
           1          17  -3200.00000    
           2           1   1406.82471    
           2           2 -0.840373516    
           2           3  -1.21244717    
           2           4  -1.50913692    
           2           5  -1.71199632    
           2           6  -1.80841136    
           2           7  -1.79238844    
           2           8  -1.66492355    
           2           9  -1.43394160    
           2          10  -1.11380446    
           2          11 -0.724416018    
           2          12 -0.289987087    
           2          13  0.162472248    
           2          14  0.604829311    
           2          15   1.00958109    
           2          16   1.35156202    
           2          17   1.60951006    
           3           1   1204.50049    
           3           2 -0.554185569    
           3           3 -0.799550533    
           3           4 -0.995203197    
           3           5  -1.12897837    
           3           6  -1.19255996    
           3           7  -1.18199348    
           3           8  -1.09793663    
           3           9 -0.945615113    
           3          10 -0.734500051    
           3          11 -0.477717161    
           3          12 -0.191232324    
           3          13  0.107142210    
           3          14  0.398855388    
           3          15  0.665770173    
           3          16  0.891290128    
           3          17   1.06139350    
           4           1   1001.07452    
           4           2 -0.132313669    
           4           3 -0.190895438    
           4           4 -0.237608671    
           4           5 -0.269547701    
           4           6 -0.284728527    
           4           7 -0.282205105    
           4           8 -0.262136459    
           4           9 -0.225769043    
           4          10 -0.175364494    
           4          11 -0.114056885    
           4          12  -4.56575751E-02
           4          13   2.55807638E-02
           4          14   9.52284932E-02
           4          15  0.158954620    
           4          16  0.212799072    
           4          17  0.253411770    
           5           1   797.385437    
           5           2  0.321952879    
           5           3  0.464496791    
           5           4  0.578161001    
           5           5  0.655877829    
           5           6  0.692814827    
           5           7  0.686676741    
           5           8  0.637843609    
           5           9  0.549353123    
           5          10  0.426706016    
           5          11  0.277528882    
           5          12  0.111096323    
           5          13  -6.22444749E-02
           5          14 -0.231713891    
           5          15 -0.386777639    
           5          16 -0.517793059    
           5          17 -0.616614580    
           6           1   594.336487    
           6           2  0.697393835    
           6           3   1.00616479    
           6           4   1.25237632    
           6           5   1.42072129    
           6           6   1.50073314    
           6           7   1.48743606    
           6           8   1.38165736    
           6           9   1.18997467    
           6          10  0.924304426    
           6          11  0.601165533    
           6          12  0.240649700    
           6          13 -0.134829521    
           6          14 -0.501925230    
           6          15 -0.837813675    
           6          16  -1.12161076    
           6          17  -1.33567166    
           7           1   392.674133    
           7           2  0.902089357    
           7           3   1.30148840    
           7           4   1.61996603    
           7           5   1.83772302    
           7           6   1.94121885    
           7           7   1.92401910    
           7           8   1.78719401    
           7           9   1.53924847    
           7          10   1.19560099    
           7          11  0.777616262    
           7          12  0.311282873    
           7          13 -0.174403667    
           7          14 -0.649247169    
           7          15  -1.08372355    
           7          16  -1.45081925    
           7          17  -1.72771049    
           8           1   192.805450    
           8           2  0.885921478    
           8           3   1.27816153    
           8           4   1.59093189    
           8           5   1.80478632    
           8           6   1.90642679    
           8           7   1.88953543    
           8           8   1.75516248    
           8           9   1.51166081    
           8          10   1.17417240    
           8          11  0.763679266    
           8          12  0.305704117    
           8          13 -0.171277761    
           8          14 -0.637611151    
           8          15  -1.06430054    
           8          16  -1.42481637    
           8          17  -1.69674516    
           9           1  -5.30177689    
           9           2  0.652848899    
           9           3  0.941896796    
           9           4   1.17238235    
           9           5   1.32997394    
           9           6   1.40487552    
           9           7   1.39242792    
           9           8   1.29340529    
           9           9   1.11396623    
           9          10  0.865265667    
           9          11  0.562766731    
           9          12  0.225278378    
           9          13 -0.126217604    
           9          14 -0.469865084    
           9          15 -0.784299314    
           9          16  -1.04996955    
           9          17  -1.25035691    
          10           1  -202.110931    
          10           2  0.259936512    
          10           3  0.375022650    
          10           4  0.466792583    
          10           5  0.529538393    
          10           6  0.559360743    
          10           7  0.554404736    
          10           8  0.514978647    
          10           9  0.443533897    
          10          10  0.344511211    
          10          11  0.224069417    
          10          12   8.96964669E-02
          10          13  -5.02548218E-02
          10          14 -0.187080026    
          10          15 -0.312273920    
          10          16 -0.418052673    
          10          17 -0.497838497    
          11           1  -398.403259    
          11           2 -0.196617424    
          11           3 -0.283669710    
          11           4 -0.353085041    
          11           5 -0.400546551    
          11           6 -0.423104286    
          11           7 -0.419355631    
          11           8 -0.389533281    
          11           9 -0.335492134    
          11          10 -0.260590553    
          11          11 -0.169487655    
          11          12  -6.78471923E-02
          11          13   3.80131006E-02
          11          14  0.141508877    
          11          15  0.236205995    
          11          16  0.316217899    
          11          17  0.376568556    
          12           1  -595.086548    
          12           2 -0.605033159    
          12           3 -0.872910142    
          12           4  -1.08651423    
          12           5  -1.23256373    
          12           6  -1.30197906    
          12           7  -1.29044342    
          12           8  -1.19867349    
          12           9  -1.03237724    
          12          10 -0.801891685    
          12          11 -0.521548450    
          12          12 -0.208778143    
          12          13  0.116973162    
          12          14  0.435450733    
          12          15  0.726855576    
          12          16  0.973067105    
          12          17   1.15877819    
          13           1  -792.972778    
          13           2 -0.865315199    
          13           3  -1.24843156    
          13           4  -1.55392718    
          13           5  -1.76280701    
          13           6  -1.86208344    
          13           7  -1.84558535    
          13           8  -1.71433747    
          13           9  -1.47649980    
          13          10  -1.14686108    
          13          11 -0.745916367    
          13          12 -0.298593760    
          13          13  0.167294025    
          13          14  0.622780085    
          13          15   1.03954530    
          13          16   1.39167523    
          13          17   1.65727901    
          14           1  -992.579529    
          14           2 -0.913737774    
          14           3  -1.31829405    
          14           4  -1.64088440    
          14           5  -1.86145306    
          14           6  -1.96628559    
          14           7  -1.94886327    
          14           8  -1.81027102    
          14           9  -1.55912447    
          14          10  -1.21103954    
          14          11 -0.787657261    
          14          12 -0.315302849    
          14          13  0.176655769    
          14          14  0.657630682    
          14          15   1.09771752    
          14          16   1.46955335    
          14          17   1.75002003    
          15           1  -1194.00317    
          15           2 -0.738445520    
          15           3  -1.06539154    
          15           4  -1.32609618    
          15           5  -1.50435042    
          15           6  -1.58907199    
          15           7  -1.57499230    
          15           8  -1.46298766    
          15           9  -1.26002085    
          15          10 -0.978712857    
          15          11 -0.636552334    
          15          12 -0.254815102    
          15          13  0.142766237    
          15          14  0.531470418    
          15          15  0.887130439    
          15          16   1.18763351    
          15          17   1.41429448    
          16           1  -1396.89490    
          16           2 -0.382356286    
          16           3 -0.551643789    
          16           4 -0.686633110    
          16           5 -0.778930664    
          16           6 -0.822798252    
          16           7 -0.815507889    
          16           8 -0.757513762    
          16           9 -0.652420163    
          16          10 -0.506763220    
          16          11 -0.329597354    
          16          12 -0.131939590    
          16          13   7.39223361E-02
          16          14  0.275187731    
          16          15  0.459343135    
          16          16  0.614939213    
          16          17  0.732300758    
          17           1  -1600.54688    
          17           2   6.73472881E-02
          17           3   9.71648693E-02
          17           4  0.120941639    
          17           5  0.137198687    
          17           6  0.144925117    
          17           7  0.143641472    
          17           8  0.133426189    
          17           9  0.114915609    
          17          10   8.92595053E-02
          17          11   5.80545068E-02
          17          12   2.32396126E-02
          17          13  -1.30204558E-02
          17          14  -4.84707952E-02
          17          15  -8.09073448E-02
          17          16 -0.108313799    
          17          17 -0.128985167    
          18           1   0.00000000    
          18           2   4.61852778E-14
          18           3   2.16990115E-09
          18           4   0.00000000    
          18           5   1.89174898E-10
          18           6  -2.51930743E-09
          18           7   0.00000000    
          18           8   3.64083763E-11
          18           9  -3.64083763E-11
          18          10   2.57977081E-06
          18          11  -2.57045031E-06
          18          12  -9.32053013E-09
          18          13   3.64083798E-11
          18          14   2.42827670E-17
          18          15   2.60073985E-09
          18          16  -7.32720551E-11
          18          17   7.32720551E-11
