              -200.00000  -175.00000  -150.00000  -125.00000  -100.00000  -075.00000  -50.000000  -025.00000   000.00000   025.00000   050.00000   075.00000   100.00000   125.00000   150.00000   175.00000   200.00000
  -200.00000   0.9601703   0.8611924   0.7086698   0.5120855   0.2836622   0.0376022  -0.2107958  -0.4460875  -0.6536436  -0.8205594  -0.9364567  -0.9941297  -0.9899925  -0.9243024  -0.8011436  -0.6281736  -0.4161468
  -175.00000   0.7086698   0.5120855   0.2836622   0.0376022  -0.2107958  -0.4460875  -0.6536436  -0.8205594  -0.9364567  -0.9941297  -0.9899925  -0.9243024  -0.8011436  -0.6281736  -0.4161468  -0.1782461   0.0707372
  -150.00000   0.2836622   0.0376022  -0.2107958  -0.4460875  -0.6536436  -0.8205594  -0.9364567  -0.9941297  -0.9899925  -0.9243024  -0.8011436  -0.6281736  -0.4161468  -0.1782461   0.0707372   0.3153224   0.5403023
  -125.00000  -0.2107958  -0.4460875  -0.6536436  -0.8205594  -0.9364567  -0.9941297  -0.9899925  -0.9243024  -0.8011436  -0.6281736  -0.4161468  -0.1782461   0.0707372   0.3153224   0.5403023   0.7316889   0.8775826
  -100.00000  -0.6536436  -0.8205594  -0.9364567  -0.9941297  -0.9899925  -0.9243024  -0.8011436  -0.6281736  -0.4161468  -0.1782461   0.0707372   0.3153224   0.5403023   0.7316889   0.8775826   0.9689124   1.0000000
  -075.00000  -0.9364567  -0.9941297  -0.9899925  -0.9243024  -0.8011436  -0.6281736  -0.4161468  -0.1782461   0.0707372   0.3153224   0.5403023   0.7316889   0.8775826   0.9689124   1.0000000   0.9689124   0.8775826
  -050.00000  -0.9899925  -0.9243024  -0.8011436  -0.6281736  -0.4161468  -0.1782461   0.0707372   0.3153224   0.5403023   0.7316889   0.8775826   0.9689124   1.0000000   0.9689124   0.8775826   0.7316889   0.5403023
  -025.00000  -0.8011436  -0.6281736  -0.4161468  -0.1782461   0.0707372   0.3153224   0.5403023   0.7316889   0.8775826   0.9689124   1.0000000   0.9689124   0.8775826   0.7316889   0.5403023   0.3153224   0.0707372
   000.00000  -0.4161468  -0.1782461   0.0707372   0.3153224   0.5403023   0.7316889   0.8775826   0.9689124   1.0000000   0.9689124   0.8775826   0.7316889   0.5403023   0.3153224   0.0707372  -0.1782461  -0.4161468
   025.00000   0.0707372   0.3153224   0.5403023   0.7316889   0.8775826   0.9689124   1.0000000   0.9689124   0.8775826   0.7316889   0.5403023   0.3153224   0.0707372  -0.1782461  -0.4161468  -0.6281736  -0.8011436
   050.00000   0.5403023   0.7316889   0.8775826   0.9689124   1.0000000   0.9689124   0.8775826   0.7316889   0.5403023   0.3153224   0.0707372  -0.1782461  -0.4161468  -0.6281736  -0.8011436  -0.9243024  -0.9899925
   075.00000   0.8775826   0.9689124   1.0000000   0.9689124   0.8775826   0.7316889   0.5403023   0.3153224   0.0707372  -0.1782461  -0.4161468  -0.6281736  -0.8011436  -0.9243024  -0.9899925  -0.9941297  -0.9364567
   100.00000   1.0000000   0.9689124   0.8775826   0.7316889   0.5403023   0.3153224   0.0707372  -0.1782461  -0.4161468  -0.6281736  -0.8011436  -0.9243024  -0.9899925  -0.9941297  -0.9364567  -0.8205594  -0.6536436
   125.00000   0.8775826   0.7316889   0.5403023   0.3153224   0.0707372  -0.1782461  -0.4161468  -0.6281736  -0.8011436  -0.9243024  -0.9899925  -0.9941297  -0.9364567  -0.8205594  -0.6536436  -0.4460875  -0.2107958
   150.00000   0.5403023   0.3153224   0.0707372  -0.1782461  -0.4161468  -0.6281736  -0.8011436  -0.9243024  -0.9899925  -0.9941297  -0.9364567  -0.8205594  -0.6536436  -0.4460875  -0.2107958   0.0376022   0.2836622
   175.00000   0.0707372  -0.1782461  -0.4161468  -0.6281736  -0.8011436  -0.9243024  -0.9899925  -0.9941297  -0.9364567  -0.8205594  -0.6536436  -0.4460875  -0.2107958   0.0376022   0.2836622   0.5120855   0.7086698
   200.00000  -0.4161468  -0.6281736  -0.8011436  -0.9243024  -0.9899925  -0.9941297  -0.9364567  -0.8205594  -0.6536436  -0.4460875  -0.2107958   0.0376022   0.2836622   0.5120855   0.7086698   0.8611924   0.9601703
