              -200.00000  -175.00000  -150.00000  -125.00000  -100.00000  -075.00000  -50.000000  -025.00000   000.00000   025.00000   050.00000   075.00000   100.00000   125.00000   150.00000   175.00000   200.00000
  -200.00000   0.9092974   0.7780732   0.5984721   0.3816610   0.1411200  -0.1081951  -0.3507832  -0.5715613  -0.7568025  -0.8949894  -0.9775301  -0.9992928  -0.9589243  -0.8589345  -0.7055403  -0.5082791  -0.2794155
  -175.00000   0.9974950   0.9839859   0.9092974   0.7780732   0.5984721   0.3816610   0.1411200  -0.1081951  -0.3507832  -0.5715613  -0.7568025  -0.8949894  -0.9775301  -0.9992928  -0.9589243  -0.8589345  -0.7055403
  -150.00000   0.8414710   0.9489846   0.9974950   0.9839859   0.9092974   0.7780732   0.5984721   0.3816610   0.1411200  -0.1081951  -0.3507832  -0.5715613  -0.7568025  -0.8949894  -0.9775301  -0.9992928  -0.9589243
  -125.00000   0.4794255   0.6816388   0.8414710   0.9489846   0.9974950   0.9839859   0.9092974   0.7780732   0.5984721   0.3816610   0.1411200  -0.1081951  -0.3507832  -0.5715613  -0.7568025  -0.8949894  -0.9775301
  -100.00000   0.0000000   0.2474040   0.4794255   0.6816388   0.8414710   0.9489846   0.9974950   0.9839859   0.9092974   0.7780732   0.5984721   0.3816610   0.1411200  -0.1081951  -0.3507832  -0.5715613  -0.7568025
  -075.00000  -0.4794255  -0.2474040   0.0000000   0.2474040   0.4794255   0.6816388   0.8414710   0.9489846   0.9974950   0.9839859   0.9092974   0.7780732   0.5984721   0.3816610   0.1411200  -0.1081951  -0.3507832
  -050.00000  -0.8414710  -0.6816388  -0.4794255  -0.2474040   0.0000000   0.2474040   0.4794255   0.6816388   0.8414710   0.9489846   0.9974950   0.9839859   0.9092974   0.7780732   0.5984721   0.3816610   0.1411200
  -025.00000  -0.9974950  -0.9489846  -0.8414710  -0.6816388  -0.4794255  -0.2474040   0.0000000   0.2474040   0.4794255   0.6816388   0.8414710   0.9489846   0.9974950   0.9839859   0.9092974   0.7780732   0.5984721
   000.00000  -0.9092974  -0.9839859  -0.9974950  -0.9489846  -0.8414710  -0.6816388  -0.4794255  -0.2474040   0.0000000   0.2474040   0.4794255   0.6816388   0.8414710   0.9489846   0.9974950   0.9839859   0.9092974
   025.00000  -0.5984721  -0.7780732  -0.9092974  -0.9839859  -0.9974950  -0.9489846  -0.8414710  -0.6816388  -0.4794255  -0.2474040   0.0000000   0.2474040   0.4794255   0.6816388   0.8414710   0.9489846   0.9974950
   050.00000  -0.1411200  -0.3816610  -0.5984721  -0.7780732  -0.9092974  -0.9839859  -0.9974950  -0.9489846  -0.8414710  -0.6816388  -0.4794255  -0.2474040   0.0000000   0.2474040   0.4794255   0.6816388   0.8414710
   075.00000   0.3507832   0.1081951  -0.1411200  -0.3816610  -0.5984721  -0.7780732  -0.9092974  -0.9839859  -0.9974950  -0.9489846  -0.8414710  -0.6816388  -0.4794255  -0.2474040   0.0000000   0.2474040   0.4794255
   100.00000   0.7568025   0.5715613   0.3507832   0.1081951  -0.1411200  -0.3816610  -0.5984721  -0.7780732  -0.9092974  -0.9839859  -0.9974950  -0.9489846  -0.8414710  -0.6816388  -0.4794255  -0.2474040   0.0000000
   125.00000   0.9775301   0.8949894   0.7568025   0.5715613   0.3507832   0.1081951  -0.1411200  -0.3816610  -0.5984721  -0.7780732  -0.9092974  -0.9839859  -0.9974950  -0.9489846  -0.8414710  -0.6816388  -0.4794255
   150.00000   0.9589243   0.9992928   0.9775301   0.8949894   0.7568025   0.5715613   0.3507832   0.1081951  -0.1411200  -0.3816610  -0.5984721  -0.7780732  -0.9092974  -0.9839859  -0.9974950  -0.9489846  -0.8414710
   175.00000   0.7055403   0.8589345   0.9589243   0.9992928   0.9775301   0.8949894   0.7568025   0.5715613   0.3507832   0.1081951  -0.1411200  -0.3816610  -0.5984721  -0.7780732  -0.9092974  -0.9839859  -0.9974950
   200.00000   0.2794155   0.5082791   0.7055403   0.8589345   0.9589243   0.9992928   0.9775301   0.8949894   0.7568025   0.5715613   0.3507832   0.1081951  -0.1411200  -0.3816610  -0.5984721  -0.7780732  -0.9092974
