           2           2  -1.02641034    
           2           3  -1.36079204    
           2           4  -1.61056662    
           2           5  -1.76020384    
           2           6  -1.80039978    
           2           7  -1.72865593    
           2           8  -1.54943252    
           2           9  -1.27387309    
           2          10 -0.919110239    
           2          11 -0.507201552    
           2          12  -6.37574196E-02
           2          13  0.383650780    
           2          14  0.807205200    
           2          15   1.18057156    
           2          16   1.48053598    
           3           2 -0.676868081    
           3           3 -0.897376895    
           3           4  -1.06209075    
           3           5  -1.16076922    
           3           6  -1.18727672    
           3           7  -1.13996506    
           3           8  -1.02177584    
           3           9 -0.840057552    
           3          10 -0.606108546    
           3          11 -0.334474742    
           3          12  -4.20450568E-02
           3          13  0.252998829    
           3          14  0.532312751    
           3          15  0.778530121    
           3          16  0.976341844    
           4           2 -0.161604524    
           4           3 -0.214252055    
           4           4 -0.253578186    
           4           5 -0.277138114    
           4           6 -0.283466816    
           4           7 -0.272170782    
           4           8 -0.243952751    
           4           9 -0.200566769    
           4          10 -0.144710660    
           4          11  -7.98571706E-02
           4          12  -1.00383759E-02
           4          13   6.04045987E-02
           4          14  0.127091587    
           4          15  0.185876846    
           4          16  0.233105421    
           5           2  0.393224835    
           5           3  0.521328926    
           5           4  0.617019415    
           5           5  0.674346328    
           5           6  0.689745784    
           5           7  0.662260175    
           5           8  0.593598366    
           5           9  0.488029599    
           5          10  0.352117419    
           5          11  0.194312572    
           5          12   2.44259834E-02
           5          13 -0.146979153    
           5          14 -0.309245706    
           5          15 -0.452285349    
           5          16 -0.567203820    
           6           2  0.851779342    
           6           3   1.12927055    
           6           4   1.33654881    
           6           5   1.46072721    
           6           6   1.49408460    
           6           7   1.43454671    
           6           8   1.28581595    
           6           9   1.05713952    
           6          10  0.762735009    
           6          11  0.420907617    
           6          12   5.29100895E-02
           6          13 -0.318377376    
           6          14 -0.669869423    
           6          15 -0.979712188    
           6          16  -1.22864115    
           7           2   1.10178888    
           7           3   1.46072721    
           7           4   1.72884452    
           7           5   1.88947105    
           7           6   1.93261898    
           7           7   1.85560656    
           7           8   1.66322124    
           7           9   1.36742473    
           7          10  0.986608624    
           7          11  0.544449568    
           7          12   6.84396029E-02
           7          13 -0.411825418    
           7          14 -0.866485357    
           7          15  -1.26727140    
           7          16  -1.58926487    
           8           2   1.08204150    
           8           3   1.43454671    
           8           4   1.69785905    
           8           5   1.85560656    
           8           6   1.89798117    
           8           7   1.82234907    
           8           8   1.63341165    
           8           9   1.34291661    
           8          10  0.968925834    
           8          11  0.534691691    
           8          12   6.72131777E-02
           8          13 -0.404444456    
           8          14 -0.850955844    
           8          15  -1.24455845    
           8          16  -1.56078076    
           9           2  0.797372818    
           9           3   1.05713952    
           9           4   1.25117815    
           9           5   1.36742473    
           9           6   1.39865172    
           9           7   1.34291661    
           9           8   1.20368576    
           9           9  0.989615977    
           9          10  0.714016199    
           9          11  0.394022584    
           9          12   4.95303869E-02
           9          13 -0.298041344    
           9          14 -0.627082229    
           9          15 -0.917134404    
           9          16  -1.15016317    
          10           2  0.317479610    
          10           3  0.420907617    
          10           4  0.498165488    
          10           5  0.544449568    
          10           6  0.556882739    
          10           7  0.534691691    
          10           8  0.479256272    
          10           9  0.394022584    
          10          10  0.284290314    
          10          11  0.156882942    
          10          12   1.97207928E-02
          10          13 -0.118667364    
          10          14 -0.249676943    
          10          15 -0.365163326    
          10          16 -0.457945585    
          11           2 -0.240143538    
          11           3 -0.318377376    
          11           4 -0.376815796    
          11           5 -0.411825418    
          11           6 -0.421229959    
          11           7 -0.404444456    
          11           8 -0.362512708    
          11           9 -0.298041344    
          11          10 -0.215039134    
          11          11 -0.118667364    
          11          12  -1.49170160E-02
          11          13   8.97609591E-02
          11          14  0.188857436    
          11          15  0.276211977    
          11          16  0.346393228    
          12           2 -0.738971591    
          12           3 -0.979712188    
          12           4  -1.15953898    
          12           5  -1.26727140    
          12           6  -1.29621124    
          12           7  -1.24455845    
          12           8  -1.11552536    
          12           9 -0.917134404    
          12          10 -0.661720037    
          12          11 -0.365163326    
          12          12  -4.59024906E-02
          12          13  0.276211977    
          12          14  0.581153154    
          12          15  0.849961340    
          12          16   1.06592262    
          13           2  -1.05687332    
          13           3  -1.40117931    
          13           4  -1.65836704    
          13           5  -1.81244516    
          13           6  -1.85383439    
          13           7  -1.77996135    
          13           8  -1.59541857    
          13           9  -1.31168044    
          13          10 -0.946388721    
          13          11 -0.522255063    
          13          12  -6.56498671E-02
          13          13  0.395037055    
          13          14  0.831162691    
          13          15   1.21561027    
          13          16   1.52447712    
          14           2  -1.11601591    
          14           3  -1.47958922    
          14           4  -1.75116873    
          14           5  -1.91386938    
          14           6  -1.95757437    
          14           7  -1.87956715    
          14           8  -1.68469775    
          14           9  -1.38508201    
          14          10 -0.999348402    
          14          11 -0.551480055    
          14          12  -6.93235397E-02
          14          13  0.417143226    
          14          14  0.877674103    
          14          15   1.28363538    
          14          16   1.60978663    
          15           2 -0.901918530    
          15           3  -1.19574380    
          15           4  -1.41522324    
          15           5  -1.54671121    
          15           6  -1.58203220    
          15           7  -1.51899004    
          15           8  -1.36150420    
          15           9  -1.11936688    
          15          10 -0.807632565    
          15          11 -0.445683718    
          15          12  -5.60244322E-02
          15          13  0.337118328    
          15          14  0.709300399    
          15          15   1.03738201    
          15          16   1.30096400    
          16           2 -0.467000008    
          16           3 -0.619138479    
          16           4 -0.732781887    
          16           5 -0.800864458    
          16           6 -0.819153070    
          16           7 -0.786510825    
          16           8 -0.704966962    
          16           9 -0.579591691    
          16          10 -0.418180227    
          16          11 -0.230768442    
          16          12  -2.90086269E-02
          16          13  0.174555063    
          16          14  0.367265463    
          16          15  0.537141204    
          16          16  0.673619986    
          17           2   8.22560787E-02
          17           3  0.109053254    
          17           4  0.129070163    
          17           5  0.141061902    
          17           6  0.144283295    
          17           7  0.138533831    
          17           8  0.124170899    
          17           9  0.102087557    
          17          10   7.36569762E-02
          17          11   4.06470895E-02
          17          12   5.10966778E-03
          17          13  -3.07455659E-02
          17          14  -6.46890402E-02
          17          15  -9.46105719E-02
          17          16 -0.118649483    
          18           2   1.08497367E-09
          18           3   1.08495057E-09
          18           4   9.45874490E-11
          18           5  -1.16506627E-09
          18           6  -1.25965371E-09
          18           7   1.82041882E-11
          18           8   1.39095590E-22
          18           9   1.24144950E-09
          18          10   4.66026506E-09
          18          11  -1.25965371E-09
          18          12  -4.64206096E-09
          18          13   1.82042020E-11
          18          14   1.30036992E-09
          18          15   1.26373390E-09
          18          16   2.67024241E-23
