              -2.0000000  -1.7500000  -1.5000000  -1.2500000  -1.0000000  -0.7500000  -0.5000000  -0.2500000   0.0000000   0.2500000   0.5000000   0.7500000   1.0000000   1.2500000   1.5000000   1.7500000   2.0000000
  -2.0000000   0.9092974   0.7780732   0.5984721   0.3816610   0.1411200  -0.1081951  -0.3507832  -0.5715613  -0.7568025  -0.8949894  -0.9775301  -0.9992928  -0.9589243  -0.8589345  -0.7055403  -0.5082791  -0.2794155
  -1.7500000   0.9974950   0.9839859   0.9092974   0.7780732   0.5984721   0.3816610   0.1411200  -0.1081951  -0.3507832  -0.5715613  -0.7568025  -0.8949894  -0.9775301  -0.9992928  -0.9589243  -0.8589345  -0.7055403
  -1.5000000   0.8414710   0.9489846   0.9974950   0.9839859   0.9092974   0.7780732   0.5984721   0.3816610   0.1411200  -0.1081951  -0.3507832  -0.5715613  -0.7568025  -0.8949894  -0.9775301  -0.9992928  -0.9589243
  -1.2500000   0.4794255   0.6816388   0.8414710   0.9489846   0.9974950   0.9839859   0.9092974   0.7780732   0.5984721   0.3816610   0.1411200  -0.1081951  -0.3507832  -0.5715613  -0.7568025  -0.8949894  -0.9775301
  -1.0000000   0.0000000   0.2474040   0.4794255   0.6816388   0.8414710   0.9489846   0.9974950   0.9839859   0.9092974   0.7780732   0.5984721   0.3816610   0.1411200  -0.1081951  -0.3507832  -0.5715613  -0.7568025
  -0.7500000  -0.4794255  -0.2474040   0.0000000   0.2474040   0.4794255   0.6816388   0.8414710   0.9489846   0.9974950   0.9839859   0.9092974   0.7780732   0.5984721   0.3816610   0.1411200  -0.1081951  -0.3507832
  -0.5000000  -0.8414710  -0.6816388  -0.4794255  -0.2474040   0.0000000   0.2474040   0.4794255   0.6816388   0.8414710   0.9489846   0.9974950   0.9839859   0.9092974   0.7780732   0.5984721   0.3816610   0.1411200
  -0.2500000  -0.9974950  -0.9489846  -0.8414710  -0.6816388  -0.4794255  -0.2474040   0.0000000   0.2474040   0.4794255   0.6816388   0.8414710   0.9489846   0.9974950   0.9839859   0.9092974   0.7780732   0.5984721
   0.0000000  -0.9092974  -0.9839859  -0.9974950  -0.9489846  -0.8414710  -0.6816388  -0.4794255  -0.2474040   0.0000000   0.2474040   0.4794255   0.6816388   0.8414710   0.9489846   0.9974950   0.9839859   0.9092974
   0.2500000  -0.5984721  -0.7780732  -0.9092974  -0.9839859  -0.9974950  -0.9489846  -0.8414710  -0.6816388  -0.4794255  -0.2474040   0.0000000   0.2474040   0.4794255   0.6816388   0.8414710   0.9489846   0.9974950
   0.5000000  -0.1411200  -0.3816610  -0.5984721  -0.7780732  -0.9092974  -0.9839859  -0.9974950  -0.9489846  -0.8414710  -0.6816388  -0.4794255  -0.2474040   0.0000000   0.2474040   0.4794255   0.6816388   0.8414710
   0.7500000   0.3507832   0.1081951  -0.1411200  -0.3816610  -0.5984721  -0.7780732  -0.9092974  -0.9839859  -0.9974950  -0.9489846  -0.8414710  -0.6816388  -0.4794255  -0.2474040   0.0000000   0.2474040   0.4794255
   1.0000000   0.7568025   0.5715613   0.3507832   0.1081951  -0.1411200  -0.3816610  -0.5984721  -0.7780732  -0.9092974  -0.9839859  -0.9974950  -0.9489846  -0.8414710  -0.6816388  -0.4794255  -0.2474040   0.0000000
   1.2500000   0.9775301   0.8949894   0.7568025   0.5715613   0.3507832   0.1081951  -0.1411200  -0.3816610  -0.5984721  -0.7780732  -0.9092974  -0.9839859  -0.9974950  -0.9489846  -0.8414710  -0.6816388  -0.4794255
   1.5000000   0.9589243   0.9992928   0.9775301   0.8949894   0.7568025   0.5715613   0.3507832   0.1081951  -0.1411200  -0.3816610  -0.5984721  -0.7780732  -0.9092974  -0.9839859  -0.9974950  -0.9489846  -0.8414710
   1.7500000   0.7055403   0.8589345   0.9589243   0.9992928   0.9775301   0.8949894   0.7568025   0.5715613   0.3507832   0.1081951  -0.1411200  -0.3816610  -0.5984721  -0.7780732  -0.9092974  -0.9839859  -0.9974950
   2.0000000   0.2794155   0.5082791   0.7055403   0.8589345   0.9589243   0.9992928   0.9775301   0.8949894   0.7568025   0.5715613   0.3507832   0.1081951  -0.1411200  -0.3816610  -0.5984721  -0.7780732  -0.9092974
